./rays.fast -u -b 1000000 -r 6 -x 640 -y 480 -q 95 -J -i anubis.dat -o anu/00000231.bmp -5 "-0.438371,0.000000,-0.898794,0.000000,0.000000,1.000000,0.000000,0.000000,0.898794,0.000000,-0.438371,0.000000,0.000000,0.000000,0.000000,1.000000"
./rays.fast -u -b 1000000 -r 6 -x 640 -y 480 -q 95 -J -i anubis.dat -o anu/00000232.bmp -5 "-0.446198,0.000000,-0.894934,0.000000,0.000000,1.000000,0.000000,0.000000,0.894934,0.000000,-0.446198,0.000000,0.000000,0.000000,0.000000,1.000000"
./rays.fast -u -b 1000000 -r 6 -x 640 -y 480 -q 95 -J -i anubis.dat -o anu/00000233.bmp -5 "-0.453990,0.000000,-0.891007,0.000000,0.000000,1.000000,0.000000,0.000000,0.891007,0.000000,-0.453990,0.000000,0.000000,0.000000,0.000000,1.000000"
./rays.fast -u -b 1000000 -r 6 -x 640 -y 480 -q 95 -J -i anubis.dat -o anu/00000234.bmp -5 "-0.461749,0.000000,-0.887011,0.000000,0.000000,1.000000,0.000000,0.000000,0.887011,0.000000,-0.461749,0.000000,0.000000,0.000000,0.000000,1.000000"
./rays.fast -u -b 1000000 -r 6 -x 640 -y 480 -q 95 -J -i anubis.dat -o anu/00000235.bmp -5 "-0.469472,0.000000,-0.882948,0.000000,0.000000,1.000000,0.000000,0.000000,0.882948,0.000000,-0.469472,0.000000,0.000000,0.000000,0.000000,1.000000"
./rays.fast -u -b 1000000 -r 6 -x 640 -y 480 -q 95 -J -i anubis.dat -o anu/00000236.bmp -5 "-0.477159,0.000000,-0.878817,0.000000,0.000000,1.000000,0.000000,0.000000,0.878817,0.000000,-0.477159,0.000000,0.000000,0.000000,0.000000,1.000000"
./rays.fast -u -b 1000000 -r 6 -x 640 -y 480 -q 95 -J -i anubis.dat -o anu/00000237.bmp -5 "-0.484810,0.000000,-0.874620,0.000000,0.000000,1.000000,0.000000,0.000000,0.874620,0.000000,-0.484810,0.000000,0.000000,0.000000,0.000000,1.000000"
./rays.fast -u -b 1000000 -r 6 -x 640 -y 480 -q 95 -J -i anubis.dat -o anu/00000238.bmp -5 "-0.492424,0.000000,-0.870356,0.000000,0.000000,1.000000,0.000000,0.000000,0.870356,0.000000,-0.492424,0.000000,0.000000,0.000000,0.000000,1.000000"
./rays.fast -u -b 1000000 -r 6 -x 640 -y 480 -q 95 -J -i anubis.dat -o anu/00000239.bmp -5 "-0.500000,0.000000,-0.866025,0.000000,0.000000,1.000000,0.000000,0.000000,0.866025,0.000000,-0.500000,0.000000,0.000000,0.000000,0.000000,1.000000"
./rays.fast -u -b 1000000 -r 6 -x 640 -y 480 -q 95 -J -i anubis.dat -o anu/00000240.bmp -5 "-0.507538,0.000000,-0.861629,0.000000,0.000000,1.000000,0.000000,0.000000,0.861629,0.000000,-0.507538,0.000000,0.000000,0.000000,0.000000,1.000000"
./rays.fast -u -b 1000000 -r 6 -x 640 -y 480 -q 95 -J -i anubis.dat -o anu/00000241.bmp -5 "-0.515038,0.000000,-0.857167,0.000000,0.000000,1.000000,0.000000,0.000000,0.857167,0.000000,-0.515038,0.000000,0.000000,0.000000,0.000000,1.000000"
./rays.fast -u -b 1000000 -r 6 -x 640 -y 480 -q 95 -J -i anubis.dat -o anu/00000242.bmp -5 "-0.522499,0.000000,-0.852640,0.000000,0.000000,1.000000,0.000000,0.000000,0.852640,0.000000,-0.522499,0.000000,0.000000,0.000000,0.000000,1.000000"
./rays.fast -u -b 1000000 -r 6 -x 640 -y 480 -q 95 -J -i anubis.dat -o anu/00000243.bmp -5 "-0.529919,0.000000,-0.848048,0.000000,0.000000,1.000000,0.000000,0.000000,0.848048,0.000000,-0.529919,0.000000,0.000000,0.000000,0.000000,1.000000"
./rays.fast -u -b 1000000 -r 6 -x 640 -y 480 -q 95 -J -i anubis.dat -o anu/00000244.bmp -5 "-0.537300,0.000000,-0.843391,0.000000,0.000000,1.000000,0.000000,0.000000,0.843391,0.000000,-0.537300,0.000000,0.000000,0.000000,0.000000,1.000000"
./rays.fast -u -b 1000000 -r 6 -x 640 -y 480 -q 95 -J -i anubis.dat -o anu/00000245.bmp -5 "-0.544639,0.000000,-0.838671,0.000000,0.000000,1.000000,0.000000,0.000000,0.838671,0.000000,-0.544639,0.000000,0.000000,0.000000,0.000000,1.000000"
./rays.fast -u -b 1000000 -r 6 -x 640 -y 480 -q 95 -J -i anubis.dat -o anu/00000246.bmp -5 "-0.551937,0.000000,-0.833886,0.000000,0.000000,1.000000,0.000000,0.000000,0.833886,0.000000,-0.551937,0.000000,0.000000,0.000000,0.000000,1.000000"
./rays.fast -u -b 1000000 -r 6 -x 640 -y 480 -q 95 -J -i anubis.dat -o anu/00000247.bmp -5 "-0.559193,0.000000,-0.829038,0.000000,0.000000,1.000000,0.000000,0.000000,0.829038,0.000000,-0.559193,0.000000,0.000000,0.000000,0.000000,1.000000"
./rays.fast -u -b 1000000 -r 6 -x 640 -y 480 -q 95 -J -i anubis.dat -o anu/00000248.bmp -5 "-0.566406,0.000000,-0.824126,0.000000,0.000000,1.000000,0.000000,0.000000,0.824126,0.000000,-0.566406,0.000000,0.000000,0.000000,0.000000,1.000000"
./rays.fast -u -b 1000000 -r 6 -x 640 -y 480 -q 95 -J -i anubis.dat -o anu/00000249.bmp -5 "-0.573576,0.000000,-0.819152,0.000000,0.000000,1.000000,0.000000,0.000000,0.819152,0.000000,-0.573576,0.000000,0.000000,0.000000,0.000000,1.000000"
./rays.fast -u -b 1000000 -r 6 -x 640 -y 480 -q 95 -J -i anubis.dat -o anu/00000250.bmp -5 "-0.580703,0.000000,-0.814116,0.000000,0.000000,1.000000,0.000000,0.000000,0.814116,0.000000,-0.580703,0.000000,0.000000,0.000000,0.000000,1.000000"
./rays.fast -u -b 1000000 -r 6 -x 640 -y 480 -q 95 -J -i anubis.dat -o anu/00000251.bmp -5 "-0.587785,0.000000,-0.809017,0.000000,0.000000,1.000000,0.000000,0.000000,0.809017,0.000000,-0.587785,0.000000,0.000000,0.000000,0.000000,1.000000"
./rays.fast -u -b 1000000 -r 6 -x 640 -y 480 -q 95 -J -i anubis.dat -o anu/00000252.bmp -5 "-0.594823,0.000000,-0.803857,0.000000,0.000000,1.000000,0.000000,0.000000,0.803857,0.000000,-0.594823,0.000000,0.000000,0.000000,0.000000,1.000000"
./rays.fast -u -b 1000000 -r 6 -x 640 -y 480 -q 95 -J -i anubis.dat -o anu/00000253.bmp -5 "-0.601815,0.000000,-0.798636,0.000000,0.000000,1.000000,0.000000,0.000000,0.798636,0.000000,-0.601815,0.000000,0.000000,0.000000,0.000000,1.000000"
./rays.fast -u -b 1000000 -r 6 -x 640 -y 480 -q 95 -J -i anubis.dat -o anu/00000254.bmp -5 "-0.608761,0.000000,-0.793353,0.000000,0.000000,1.000000,0.000000,0.000000,0.793353,0.000000,-0.608761,0.000000,0.000000,0.000000,0.000000,1.000000"
./rays.fast -u -b 1000000 -r 6 -x 640 -y 480 -q 95 -J -i anubis.dat -o anu/00000255.bmp -5 "-0.615661,0.000000,-0.788011,0.000000,0.000000,1.000000,0.000000,0.000000,0.788011,0.000000,-0.615661,0.000000,0.000000,0.000000,0.000000,1.000000"
./rays.fast -u -b 1000000 -r 6 -x 640 -y 480 -q 95 -J -i anubis.dat -o anu/00000256.bmp -5 "-0.622515,0.000000,-0.782608,0.000000,0.000000,1.000000,0.000000,0.000000,0.782608,0.000000,-0.622515,0.000000,0.000000,0.000000,0.000000,1.000000"
./rays.fast -u -b 1000000 -r 6 -x 640 -y 480 -q 95 -J -i anubis.dat -o anu/00000257.bmp -5 "-0.629320,0.000000,-0.777146,0.000000,0.000000,1.000000,0.000000,0.000000,0.777146,0.000000,-0.629320,0.000000,0.000000,0.000000,0.000000,1.000000"
./rays.fast -u -b 1000000 -r 6 -x 640 -y 480 -q 95 -J -i anubis.dat -o anu/00000258.bmp -5 "-0.636078,0.000000,-0.771625,0.000000,0.000000,1.000000,0.000000,0.000000,0.771625,0.000000,-0.636078,0.000000,0.000000,0.000000,0.000000,1.000000"
./rays.fast -u -b 1000000 -r 6 -x 640 -y 480 -q 95 -J -i anubis.dat -o anu/00000259.bmp -5 "-0.642788,0.000000,-0.766044,0.000000,0.000000,1.000000,0.000000,0.000000,0.766044,0.000000,-0.642788,0.000000,0.000000,0.000000,0.000000,1.000000"
./rays.fast -u -b 1000000 -r 6 -x 640 -y 480 -q 95 -J -i anubis.dat -o anu/00000260.bmp -5 "-0.649448,0.000000,-0.760406,0.000000,0.000000,1.000000,0.000000,0.000000,0.760406,0.000000,-0.649448,0.000000,0.000000,0.000000,0.000000,1.000000"
./rays.fast -u -b 1000000 -r 6 -x 640 -y 480 -q 95 -J -i anubis.dat -o anu/00000261.bmp -5 "-0.656059,0.000000,-0.754710,0.000000,0.000000,1.000000,0.000000,0.000000,0.754710,0.000000,-0.656059,0.000000,0.000000,0.000000,0.000000,1.000000"
./rays.fast -u -b 1000000 -r 6 -x 640 -y 480 -q 95 -J -i anubis.dat -o anu/00000262.bmp -5 "-0.662620,0.000000,-0.748956,0.000000,0.000000,1.000000,0.000000,0.000000,0.748956,0.000000,-0.662620,0.000000,0.000000,0.000000,0.000000,1.000000"
./rays.fast -u -b 1000000 -r 6 -x 640 -y 480 -q 95 -J -i anubis.dat -o anu/00000263.bmp -5 "-0.669131,0.000000,-0.743145,0.000000,0.000000,1.000000,0.000000,0.000000,0.743145,0.000000,-0.669131,0.000000,0.000000,0.000000,0.000000,1.000000"
./rays.fast -u -b 1000000 -r 6 -x 640 -y 480 -q 95 -J -i anubis.dat -o anu/00000264.bmp -5 "-0.675590,0.000000,-0.737277,0.000000,0.000000,1.000000,0.000000,0.000000,0.737277,0.000000,-0.675590,0.000000,0.000000,0.000000,0.000000,1.000000"
./rays.fast -u -b 1000000 -r 6 -x 640 -y 480 -q 95 -J -i anubis.dat -o anu/00000265.bmp -5 "-0.681998,0.000000,-0.731354,0.000000,0.000000,1.000000,0.000000,0.000000,0.731354,0.000000,-0.681998,0.000000,0.000000,0.000000,0.000000,1.000000"
./rays.fast -u -b 1000000 -r 6 -x 640 -y 480 -q 95 -J -i anubis.dat -o anu/00000266.bmp -5 "-0.688355,0.000000,-0.725374,0.000000,0.000000,1.000000,0.000000,0.000000,0.725374,0.000000,-0.688355,0.000000,0.000000,0.000000,0.000000,1.000000"
./rays.fast -u -b 1000000 -r 6 -x 640 -y 480 -q 95 -J -i anubis.dat -o anu/00000267.bmp -5 "-0.694658,0.000000,-0.719340,0.000000,0.000000,1.000000,0.000000,0.000000,0.719340,0.000000,-0.694658,0.000000,0.000000,0.000000,0.000000,1.000000"
./rays.fast -u -b 1000000 -r 6 -x 640 -y 480 -q 95 -J -i anubis.dat -o anu/00000268.bmp -5 "-0.700909,0.000000,-0.713250,0.000000,0.000000,1.000000,0.000000,0.000000,0.713250,0.000000,-0.700909,0.000000,0.000000,0.000000,0.000000,1.000000"
./rays.fast -u -b 1000000 -r 6 -x 640 -y 480 -q 95 -J -i anubis.dat -o anu/00000269.bmp -5 "-0.707107,0.000000,-0.707107,0.000000,0.000000,1.000000,0.000000,0.000000,0.707107,0.000000,-0.707107,0.000000,0.000000,0.000000,0.000000,1.000000"
./rays.fast -u -b 1000000 -r 6 -x 640 -y 480 -q 95 -J -i anubis.dat -o anu/00000270.bmp -5 "-0.713250,0.000000,-0.700909,0.000000,0.000000,1.000000,0.000000,0.000000,0.700909,0.000000,-0.713250,0.000000,0.000000,0.000000,0.000000,1.000000"
./rays.fast -u -b 1000000 -r 6 -x 640 -y 480 -q 95 -J -i anubis.dat -o anu/00000271.bmp -5 "-0.719340,0.000000,-0.694658,0.000000,0.000000,1.000000,0.000000,0.000000,0.694658,0.000000,-0.719340,0.000000,0.000000,0.000000,0.000000,1.000000"
./rays.fast -u -b 1000000 -r 6 -x 640 -y 480 -q 95 -J -i anubis.dat -o anu/00000272.bmp -5 "-0.725374,0.000000,-0.688355,0.000000,0.000000,1.000000,0.000000,0.000000,0.688355,0.000000,-0.725374,0.000000,0.000000,0.000000,0.000000,1.000000"
./rays.fast -u -b 1000000 -r 6 -x 640 -y 480 -q 95 -J -i anubis.dat -o anu/00000273.bmp -5 "-0.731354,0.000000,-0.681998,0.000000,0.000000,1.000000,0.000000,0.000000,0.681998,0.000000,-0.731354,0.000000,0.000000,0.000000,0.000000,1.000000"
./rays.fast -u -b 1000000 -r 6 -x 640 -y 480 -q 95 -J -i anubis.dat -o anu/00000274.bmp -5 "-0.737277,0.000000,-0.675590,0.000000,0.000000,1.000000,0.000000,0.000000,0.675590,0.000000,-0.737277,0.000000,0.000000,0.000000,0.000000,1.000000"
./rays.fast -u -b 1000000 -r 6 -x 640 -y 480 -q 95 -J -i anubis.dat -o anu/00000275.bmp -5 "-0.743145,0.000000,-0.669131,0.000000,0.000000,1.000000,0.000000,0.000000,0.669131,0.000000,-0.743145,0.000000,0.000000,0.000000,0.000000,1.000000"
./rays.fast -u -b 1000000 -r 6 -x 640 -y 480 -q 95 -J -i anubis.dat -o anu/00000276.bmp -5 "-0.748956,0.000000,-0.662620,0.000000,0.000000,1.000000,0.000000,0.000000,0.662620,0.000000,-0.748956,0.000000,0.000000,0.000000,0.000000,1.000000"
./rays.fast -u -b 1000000 -r 6 -x 640 -y 480 -q 95 -J -i anubis.dat -o anu/00000277.bmp -5 "-0.754710,0.000000,-0.656059,0.000000,0.000000,1.000000,0.000000,0.000000,0.656059,0.000000,-0.754710,0.000000,0.000000,0.000000,0.000000,1.000000"
./rays.fast -u -b 1000000 -r 6 -x 640 -y 480 -q 95 -J -i anubis.dat -o anu/00000278.bmp -5 "-0.760406,0.000000,-0.649448,0.000000,0.000000,1.000000,0.000000,0.000000,0.649448,0.000000,-0.760406,0.000000,0.000000,0.000000,0.000000,1.000000"
./rays.fast -u -b 1000000 -r 6 -x 640 -y 480 -q 95 -J -i anubis.dat -o anu/00000279.bmp -5 "-0.766044,0.000000,-0.642788,0.000000,0.000000,1.000000,0.000000,0.000000,0.642788,0.000000,-0.766044,0.000000,0.000000,0.000000,0.000000,1.000000"
./rays.fast -u -b 1000000 -r 6 -x 640 -y 480 -q 95 -J -i anubis.dat -o anu/00000280.bmp -5 "-0.771625,0.000000,-0.636078,0.000000,0.000000,1.000000,0.000000,0.000000,0.636078,0.000000,-0.771625,0.000000,0.000000,0.000000,0.000000,1.000000"
./rays.fast -u -b 1000000 -r 6 -x 640 -y 480 -q 95 -J -i anubis.dat -o anu/00000281.bmp -5 "-0.777146,0.000000,-0.629320,0.000000,0.000000,1.000000,0.000000,0.000000,0.629320,0.000000,-0.777146,0.000000,0.000000,0.000000,0.000000,1.000000"
./rays.fast -u -b 1000000 -r 6 -x 640 -y 480 -q 95 -J -i anubis.dat -o anu/00000282.bmp -5 "-0.782608,0.000000,-0.622515,0.000000,0.000000,1.000000,0.000000,0.000000,0.622515,0.000000,-0.782608,0.000000,0.000000,0.000000,0.000000,1.000000"
./rays.fast -u -b 1000000 -r 6 -x 640 -y 480 -q 95 -J -i anubis.dat -o anu/00000283.bmp -5 "-0.788011,0.000000,-0.615661,0.000000,0.000000,1.000000,0.000000,0.000000,0.615661,0.000000,-0.788011,0.000000,0.000000,0.000000,0.000000,1.000000"
./rays.fast -u -b 1000000 -r 6 -x 640 -y 480 -q 95 -J -i anubis.dat -o anu/00000284.bmp -5 "-0.793353,0.000000,-0.608761,0.000000,0.000000,1.000000,0.000000,0.000000,0.608761,0.000000,-0.793353,0.000000,0.000000,0.000000,0.000000,1.000000"
./rays.fast -u -b 1000000 -r 6 -x 640 -y 480 -q 95 -J -i anubis.dat -o anu/00000285.bmp -5 "-0.798636,0.000000,-0.601815,0.000000,0.000000,1.000000,0.000000,0.000000,0.601815,0.000000,-0.798636,0.000000,0.000000,0.000000,0.000000,1.000000"
./rays.fast -u -b 1000000 -r 6 -x 640 -y 480 -q 95 -J -i anubis.dat -o anu/00000286.bmp -5 "-0.803857,0.000000,-0.594823,0.000000,0.000000,1.000000,0.000000,0.000000,0.594823,0.000000,-0.803857,0.000000,0.000000,0.000000,0.000000,1.000000"
./rays.fast -u -b 1000000 -r 6 -x 640 -y 480 -q 95 -J -i anubis.dat -o anu/00000287.bmp -5 "-0.809017,0.000000,-0.587785,0.000000,0.000000,1.000000,0.000000,0.000000,0.587785,0.000000,-0.809017,0.000000,0.000000,0.000000,0.000000,1.000000"
./rays.fast -u -b 1000000 -r 6 -x 640 -y 480 -q 95 -J -i anubis.dat -o anu/00000288.bmp -5 "-0.814116,0.000000,-0.580703,0.000000,0.000000,1.000000,0.000000,0.000000,0.580703,0.000000,-0.814116,0.000000,0.000000,0.000000,0.000000,1.000000"
./rays.fast -u -b 1000000 -r 6 -x 640 -y 480 -q 95 -J -i anubis.dat -o anu/00000289.bmp -5 "-0.819152,0.000000,-0.573576,0.000000,0.000000,1.000000,0.000000,0.000000,0.573576,0.000000,-0.819152,0.000000,0.000000,0.000000,0.000000,1.000000"
./rays.fast -u -b 1000000 -r 6 -x 640 -y 480 -q 95 -J -i anubis.dat -o anu/00000290.bmp -5 "-0.824126,0.000000,-0.566406,0.000000,0.000000,1.000000,0.000000,0.000000,0.566406,0.000000,-0.824126,0.000000,0.000000,0.000000,0.000000,1.000000"
./rays.fast -u -b 1000000 -r 6 -x 640 -y 480 -q 95 -J -i anubis.dat -o anu/00000291.bmp -5 "-0.829038,0.000000,-0.559193,0.000000,0.000000,1.000000,0.000000,0.000000,0.559193,0.000000,-0.829038,0.000000,0.000000,0.000000,0.000000,1.000000"
./rays.fast -u -b 1000000 -r 6 -x 640 -y 480 -q 95 -J -i anubis.dat -o anu/00000292.bmp -5 "-0.833886,0.000000,-0.551937,0.000000,0.000000,1.000000,0.000000,0.000000,0.551937,0.000000,-0.833886,0.000000,0.000000,0.000000,0.000000,1.000000"
./rays.fast -u -b 1000000 -r 6 -x 640 -y 480 -q 95 -J -i anubis.dat -o anu/00000293.bmp -5 "-0.838671,0.000000,-0.544639,0.000000,0.000000,1.000000,0.000000,0.000000,0.544639,0.000000,-0.838671,0.000000,0.000000,0.000000,0.000000,1.000000"
./rays.fast -u -b 1000000 -r 6 -x 640 -y 480 -q 95 -J -i anubis.dat -o anu/00000294.bmp -5 "-0.843391,0.000000,-0.537300,0.000000,0.000000,1.000000,0.000000,0.000000,0.537300,0.000000,-0.843391,0.000000,0.000000,0.000000,0.000000,1.000000"
./rays.fast -u -b 1000000 -r 6 -x 640 -y 480 -q 95 -J -i anubis.dat -o anu/00000295.bmp -5 "-0.848048,0.000000,-0.529919,0.000000,0.000000,1.000000,0.000000,0.000000,0.529919,0.000000,-0.848048,0.000000,0.000000,0.000000,0.000000,1.000000"
./rays.fast -u -b 1000000 -r 6 -x 640 -y 480 -q 95 -J -i anubis.dat -o anu/00000296.bmp -5 "-0.852640,0.000000,-0.522499,0.000000,0.000000,1.000000,0.000000,0.000000,0.522499,0.000000,-0.852640,0.000000,0.000000,0.000000,0.000000,1.000000"
./rays.fast -u -b 1000000 -r 6 -x 640 -y 480 -q 95 -J -i anubis.dat -o anu/00000297.bmp -5 "-0.857167,0.000000,-0.515038,0.000000,0.000000,1.000000,0.000000,0.000000,0.515038,0.000000,-0.857167,0.000000,0.000000,0.000000,0.000000,1.000000"
./rays.fast -u -b 1000000 -r 6 -x 640 -y 480 -q 95 -J -i anubis.dat -o anu/00000298.bmp -5 "-0.861629,0.000000,-0.507538,0.000000,0.000000,1.000000,0.000000,0.000000,0.507538,0.000000,-0.861629,0.000000,0.000000,0.000000,0.000000,1.000000"
./rays.fast -u -b 1000000 -r 6 -x 640 -y 480 -q 95 -J -i anubis.dat -o anu/00000299.bmp -5 "-0.866025,0.000000,-0.500000,0.000000,0.000000,1.000000,0.000000,0.000000,0.500000,0.000000,-0.866025,0.000000,0.000000,0.000000,0.000000,1.000000"
./rays.fast -u -b 1000000 -r 6 -x 640 -y 480 -q 95 -J -i anubis.dat -o anu/00000300.bmp -5 "-0.870356,0.000000,-0.492424,0.000000,0.000000,1.000000,0.000000,0.000000,0.492424,0.000000,-0.870356,0.000000,0.000000,0.000000,0.000000,1.000000"
./rays.fast -u -b 1000000 -r 6 -x 640 -y 480 -q 95 -J -i anubis.dat -o anu/00000301.bmp -5 "-0.874620,0.000000,-0.484810,0.000000,0.000000,1.000000,0.000000,0.000000,0.484810,0.000000,-0.874620,0.000000,0.000000,0.000000,0.000000,1.000000"
./rays.fast -u -b 1000000 -r 6 -x 640 -y 480 -q 95 -J -i anubis.dat -o anu/00000302.bmp -5 "-0.878817,0.000000,-0.477159,0.000000,0.000000,1.000000,0.000000,0.000000,0.477159,0.000000,-0.878817,0.000000,0.000000,0.000000,0.000000,1.000000"
./rays.fast -u -b 1000000 -r 6 -x 640 -y 480 -q 95 -J -i anubis.dat -o anu/00000303.bmp -5 "-0.882948,0.000000,-0.469472,0.000000,0.000000,1.000000,0.000000,0.000000,0.469472,0.000000,-0.882948,0.000000,0.000000,0.000000,0.000000,1.000000"
./rays.fast -u -b 1000000 -r 6 -x 640 -y 480 -q 95 -J -i anubis.dat -o anu/00000304.bmp -5 "-0.887011,0.000000,-0.461749,0.000000,0.000000,1.000000,0.000000,0.000000,0.461749,0.000000,-0.887011,0.000000,0.000000,0.000000,0.000000,1.000000"
./rays.fast -u -b 1000000 -r 6 -x 640 -y 480 -q 95 -J -i anubis.dat -o anu/00000305.bmp -5 "-0.891007,0.000000,-0.453991,0.000000,0.000000,1.000000,0.000000,0.000000,0.453991,0.000000,-0.891007,0.000000,0.000000,0.000000,0.000000,1.000000"
./rays.fast -u -b 1000000 -r 6 -x 640 -y 480 -q 95 -J -i anubis.dat -o anu/00000306.bmp -5 "-0.894934,0.000000,-0.446198,0.000000,0.000000,1.000000,0.000000,0.000000,0.446198,0.000000,-0.894934,0.000000,0.000000,0.000000,0.000000,1.000000"
./rays.fast -u -b 1000000 -r 6 -x 640 -y 480 -q 95 -J -i anubis.dat -o anu/00000307.bmp -5 "-0.898794,0.000000,-0.438371,0.000000,0.000000,1.000000,0.000000,0.000000,0.438371,0.000000,-0.898794,0.000000,0.000000,0.000000,0.000000,1.000000"
./rays.fast -u -b 1000000 -r 6 -x 640 -y 480 -q 95 -J -i anubis.dat -o anu/00000308.bmp -5 "-0.902585,0.000000,-0.430511,0.000000,0.000000,1.000000,0.000000,0.000000,0.430511,0.000000,-0.902585,0.000000,0.000000,0.000000,0.000000,1.000000"
./rays.fast -u -b 1000000 -r 6 -x 640 -y 480 -q 95 -J -i anubis.dat -o anu/00000309.bmp -5 "-0.906308,0.000000,-0.422618,0.000000,0.000000,1.000000,0.000000,0.000000,0.422618,0.000000,-0.906308,0.000000,0.000000,0.000000,0.000000,1.000000"
./rays.fast -u -b 1000000 -r 6 -x 640 -y 480 -q 95 -J -i anubis.dat -o anu/00000310.bmp -5 "-0.909961,0.000000,-0.414693,0.000000,0.000000,1.000000,0.000000,0.000000,0.414693,0.000000,-0.909961,0.000000,0.000000,0.000000,0.000000,1.000000"
./rays.fast -u -b 1000000 -r 6 -x 640 -y 480 -q 95 -J -i anubis.dat -o anu/00000311.bmp -5 "-0.913545,0.000000,-0.406737,0.000000,0.000000,1.000000,0.000000,0.000000,0.406737,0.000000,-0.913545,0.000000,0.000000,0.000000,0.000000,1.000000"
./rays.fast -u -b 1000000 -r 6 -x 640 -y 480 -q 95 -J -i anubis.dat -o anu/00000312.bmp -5 "-0.917060,0.000000,-0.398749,0.000000,0.000000,1.000000,0.000000,0.000000,0.398749,0.000000,-0.917060,0.000000,0.000000,0.000000,0.000000,1.000000"
./rays.fast -u -b 1000000 -r 6 -x 640 -y 480 -q 95 -J -i anubis.dat -o anu/00000313.bmp -5 "-0.920505,0.000000,-0.390731,0.000000,0.000000,1.000000,0.000000,0.000000,0.390731,0.000000,-0.920505,0.000000,0.000000,0.000000,0.000000,1.000000"
./rays.fast -u -b 1000000 -r 6 -x 640 -y 480 -q 95 -J -i anubis.dat -o anu/00000314.bmp -5 "-0.923880,0.000000,-0.382683,0.000000,0.000000,1.000000,0.000000,0.000000,0.382683,0.000000,-0.923880,0.000000,0.000000,0.000000,0.000000,1.000000"
./rays.fast -u -b 1000000 -r 6 -x 640 -y 480 -q 95 -J -i anubis.dat -o anu/00000315.bmp -5 "-0.927184,0.000000,-0.374607,0.000000,0.000000,1.000000,0.000000,0.000000,0.374607,0.000000,-0.927184,0.000000,0.000000,0.000000,0.000000,1.000000"
./rays.fast -u -b 1000000 -r 6 -x 640 -y 480 -q 95 -J -i anubis.dat -o anu/00000316.bmp -5 "-0.930418,0.000000,-0.366501,0.000000,0.000000,1.000000,0.000000,0.000000,0.366501,0.000000,-0.930418,0.000000,0.000000,0.000000,0.000000,1.000000"
./rays.fast -u -b 1000000 -r 6 -x 640 -y 480 -q 95 -J -i anubis.dat -o anu/00000317.bmp -5 "-0.933580,0.000000,-0.358368,0.000000,0.000000,1.000000,0.000000,0.000000,0.358368,0.000000,-0.933580,0.000000,0.000000,0.000000,0.000000,1.000000"
./rays.fast -u -b 1000000 -r 6 -x 640 -y 480 -q 95 -J -i anubis.dat -o anu/00000318.bmp -5 "-0.936672,0.000000,-0.350207,0.000000,0.000000,1.000000,0.000000,0.000000,0.350207,0.000000,-0.936672,0.000000,0.000000,0.000000,0.000000,1.000000"
./rays.fast -u -b 1000000 -r 6 -x 640 -y 480 -q 95 -J -i anubis.dat -o anu/00000319.bmp -5 "-0.939693,0.000000,-0.342020,0.000000,0.000000,1.000000,0.000000,0.000000,0.342020,0.000000,-0.939693,0.000000,0.000000,0.000000,0.000000,1.000000"
./rays.fast -u -b 1000000 -r 6 -x 640 -y 480 -q 95 -J -i anubis.dat -o anu/00000320.bmp -5 "-0.942641,0.000000,-0.333807,0.000000,0.000000,1.000000,0.000000,0.000000,0.333807,0.000000,-0.942641,0.000000,0.000000,0.000000,0.000000,1.000000"
./rays.fast -u -b 1000000 -r 6 -x 640 -y 480 -q 95 -J -i anubis.dat -o anu/00000321.bmp -5 "-0.945519,0.000000,-0.325568,0.000000,0.000000,1.000000,0.000000,0.000000,0.325568,0.000000,-0.945519,0.000000,0.000000,0.000000,0.000000,1.000000"
./rays.fast -u -b 1000000 -r 6 -x 640 -y 480 -q 95 -J -i anubis.dat -o anu/00000322.bmp -5 "-0.948324,0.000000,-0.317305,0.000000,0.000000,1.000000,0.000000,0.000000,0.317305,0.000000,-0.948324,0.000000,0.000000,0.000000,0.000000,1.000000"
./rays.fast -u -b 1000000 -r 6 -x 640 -y 480 -q 95 -J -i anubis.dat -o anu/00000323.bmp -5 "-0.951057,0.000000,-0.309017,0.000000,0.000000,1.000000,0.000000,0.000000,0.309017,0.000000,-0.951057,0.000000,0.000000,0.000000,0.000000,1.000000"
./rays.fast -u -b 1000000 -r 6 -x 640 -y 480 -q 95 -J -i anubis.dat -o anu/00000324.bmp -5 "-0.953717,0.000000,-0.300706,0.000000,0.000000,1.000000,0.000000,0.000000,0.300706,0.000000,-0.953717,0.000000,0.000000,0.000000,0.000000,1.000000"
./rays.fast -u -b 1000000 -r 6 -x 640 -y 480 -q 95 -J -i anubis.dat -o anu/00000325.bmp -5 "-0.956305,0.000000,-0.292372,0.000000,0.000000,1.000000,0.000000,0.000000,0.292372,0.000000,-0.956305,0.000000,0.000000,0.000000,0.000000,1.000000"
./rays.fast -u -b 1000000 -r 6 -x 640 -y 480 -q 95 -J -i anubis.dat -o anu/00000326.bmp -5 "-0.958820,0.000000,-0.284015,0.000000,0.000000,1.000000,0.000000,0.000000,0.284015,0.000000,-0.958820,0.000000,0.000000,0.000000,0.000000,1.000000"
./rays.fast -u -b 1000000 -r 6 -x 640 -y 480 -q 95 -J -i anubis.dat -o anu/00000327.bmp -5 "-0.961262,0.000000,-0.275637,0.000000,0.000000,1.000000,0.000000,0.000000,0.275637,0.000000,-0.961262,0.000000,0.000000,0.000000,0.000000,1.000000"
./rays.fast -u -b 1000000 -r 6 -x 640 -y 480 -q 95 -J -i anubis.dat -o anu/00000328.bmp -5 "-0.963630,0.000000,-0.267238,0.000000,0.000000,1.000000,0.000000,0.000000,0.267238,0.000000,-0.963630,0.000000,0.000000,0.000000,0.000000,1.000000"
./rays.fast -u -b 1000000 -r 6 -x 640 -y 480 -q 95 -J -i anubis.dat -o anu/00000329.bmp -5 "-0.965926,0.000000,-0.258819,0.000000,0.000000,1.000000,0.000000,0.000000,0.258819,0.000000,-0.965926,0.000000,0.000000,0.000000,0.000000,1.000000"
./rays.fast -u -b 1000000 -r 6 -x 640 -y 480 -q 95 -J -i anubis.dat -o anu/00000330.bmp -5 "-0.968148,0.000000,-0.250380,0.000000,0.000000,1.000000,0.000000,0.000000,0.250380,0.000000,-0.968148,0.000000,0.000000,0.000000,0.000000,1.000000"
./rays.fast -u -b 1000000 -r 6 -x 640 -y 480 -q 95 -J -i anubis.dat -o anu/00000331.bmp -5 "-0.970296,0.000000,-0.241922,0.000000,0.000000,1.000000,0.000000,0.000000,0.241922,0.000000,-0.970296,0.000000,0.000000,0.000000,0.000000,1.000000"
./rays.fast -u -b 1000000 -r 6 -x 640 -y 480 -q 95 -J -i anubis.dat -o anu/00000332.bmp -5 "-0.972370,0.000000,-0.233445,0.000000,0.000000,1.000000,0.000000,0.000000,0.233445,0.000000,-0.972370,0.000000,0.000000,0.000000,0.000000,1.000000"
./rays.fast -u -b 1000000 -r 6 -x 640 -y 480 -q 95 -J -i anubis.dat -o anu/00000333.bmp -5 "-0.974370,0.000000,-0.224951,0.000000,0.000000,1.000000,0.000000,0.000000,0.224951,0.000000,-0.974370,0.000000,0.000000,0.000000,0.000000,1.000000"
./rays.fast -u -b 1000000 -r 6 -x 640 -y 480 -q 95 -J -i anubis.dat -o anu/00000334.bmp -5 "-0.976296,0.000000,-0.216440,0.000000,0.000000,1.000000,0.000000,0.000000,0.216440,0.000000,-0.976296,0.000000,0.000000,0.000000,0.000000,1.000000"
./rays.fast -u -b 1000000 -r 6 -x 640 -y 480 -q 95 -J -i anubis.dat -o anu/00000335.bmp -5 "-0.978148,0.000000,-0.207912,0.000000,0.000000,1.000000,0.000000,0.000000,0.207912,0.000000,-0.978148,0.000000,0.000000,0.000000,0.000000,1.000000"
./rays.fast -u -b 1000000 -r 6 -x 640 -y 480 -q 95 -J -i anubis.dat -o anu/00000336.bmp -5 "-0.979925,0.000000,-0.199368,0.000000,0.000000,1.000000,0.000000,0.000000,0.199368,0.000000,-0.979925,0.000000,0.000000,0.000000,0.000000,1.000000"
./rays.fast -u -b 1000000 -r 6 -x 640 -y 480 -q 95 -J -i anubis.dat -o anu/00000337.bmp -5 "-0.981627,0.000000,-0.190809,0.000000,0.000000,1.000000,0.000000,0.000000,0.190809,0.000000,-0.981627,0.000000,0.000000,0.000000,0.000000,1.000000"
./rays.fast -u -b 1000000 -r 6 -x 640 -y 480 -q 95 -J -i anubis.dat -o anu/00000338.bmp -5 "-0.983255,0.000000,-0.182236,0.000000,0.000000,1.000000,0.000000,0.000000,0.182236,0.000000,-0.983255,0.000000,0.000000,0.000000,0.000000,1.000000"
./rays.fast -u -b 1000000 -r 6 -x 640 -y 480 -q 95 -J -i anubis.dat -o anu/00000339.bmp -5 "-0.984808,0.000000,-0.173648,0.000000,0.000000,1.000000,0.000000,0.000000,0.173648,0.000000,-0.984808,0.000000,0.000000,0.000000,0.000000,1.000000"
./rays.fast -u -b 1000000 -r 6 -x 640 -y 480 -q 95 -J -i anubis.dat -o anu/00000340.bmp -5 "-0.986286,0.000000,-0.165048,0.000000,0.000000,1.000000,0.000000,0.000000,0.165048,0.000000,-0.986286,0.000000,0.000000,0.000000,0.000000,1.000000"
./rays.fast -u -b 1000000 -r 6 -x 640 -y 480 -q 95 -J -i anubis.dat -o anu/00000341.bmp -5 "-0.987688,0.000000,-0.156434,0.000000,0.000000,1.000000,0.000000,0.000000,0.156434,0.000000,-0.987688,0.000000,0.000000,0.000000,0.000000,1.000000"
./rays.fast -u -b 1000000 -r 6 -x 640 -y 480 -q 95 -J -i anubis.dat -o anu/00000342.bmp -5 "-0.989016,0.000000,-0.147809,0.000000,0.000000,1.000000,0.000000,0.000000,0.147809,0.000000,-0.989016,0.000000,0.000000,0.000000,0.000000,1.000000"
./rays.fast -u -b 1000000 -r 6 -x 640 -y 480 -q 95 -J -i anubis.dat -o anu/00000343.bmp -5 "-0.990268,0.000000,-0.139173,0.000000,0.000000,1.000000,0.000000,0.000000,0.139173,0.000000,-0.990268,0.000000,0.000000,0.000000,0.000000,1.000000"
./rays.fast -u -b 1000000 -r 6 -x 640 -y 480 -q 95 -J -i anubis.dat -o anu/00000344.bmp -5 "-0.991445,0.000000,-0.130526,0.000000,0.000000,1.000000,0.000000,0.000000,0.130526,0.000000,-0.991445,0.000000,0.000000,0.000000,0.000000,1.000000"
./rays.fast -u -b 1000000 -r 6 -x 640 -y 480 -q 95 -J -i anubis.dat -o anu/00000345.bmp -5 "-0.992546,0.000000,-0.121869,0.000000,0.000000,1.000000,0.000000,0.000000,0.121869,0.000000,-0.992546,0.000000,0.000000,0.000000,0.000000,1.000000"
./rays.fast -u -b 1000000 -r 6 -x 640 -y 480 -q 95 -J -i anubis.dat -o anu/00000346.bmp -5 "-0.993572,0.000000,-0.113203,0.000000,0.000000,1.000000,0.000000,0.000000,0.113203,0.000000,-0.993572,0.000000,0.000000,0.000000,0.000000,1.000000"
./rays.fast -u -b 1000000 -r 6 -x 640 -y 480 -q 95 -J -i anubis.dat -o anu/00000347.bmp -5 "-0.994522,0.000000,-0.104528,0.000000,0.000000,1.000000,0.000000,0.000000,0.104528,0.000000,-0.994522,0.000000,0.000000,0.000000,0.000000,1.000000"
./rays.fast -u -b 1000000 -r 6 -x 640 -y 480 -q 95 -J -i anubis.dat -o anu/00000348.bmp -5 "-0.995396,0.000000,-0.095846,0.000000,0.000000,1.000000,0.000000,0.000000,0.095846,0.000000,-0.995396,0.000000,0.000000,0.000000,0.000000,1.000000"
./rays.fast -u -b 1000000 -r 6 -x 640 -y 480 -q 95 -J -i anubis.dat -o anu/00000349.bmp -5 "-0.996195,0.000000,-0.087156,0.000000,0.000000,1.000000,0.000000,0.000000,0.087156,0.000000,-0.996195,0.000000,0.000000,0.000000,0.000000,1.000000"
./rays.fast -u -b 1000000 -r 6 -x 640 -y 480 -q 95 -J -i anubis.dat -o anu/00000350.bmp -5 "-0.996917,0.000000,-0.078459,0.000000,0.000000,1.000000,0.000000,0.000000,0.078459,0.000000,-0.996917,0.000000,0.000000,0.000000,0.000000,1.000000"
./rays.fast -u -b 1000000 -r 6 -x 640 -y 480 -q 95 -J -i anubis.dat -o anu/00000351.bmp -5 "-0.997564,0.000000,-0.069756,0.000000,0.000000,1.000000,0.000000,0.000000,0.069756,0.000000,-0.997564,0.000000,0.000000,0.000000,0.000000,1.000000"
./rays.fast -u -b 1000000 -r 6 -x 640 -y 480 -q 95 -J -i anubis.dat -o anu/00000352.bmp -5 "-0.998135,0.000000,-0.061049,0.000000,0.000000,1.000000,0.000000,0.000000,0.061049,0.000000,-0.998135,0.000000,0.000000,0.000000,0.000000,1.000000"
./rays.fast -u -b 1000000 -r 6 -x 640 -y 480 -q 95 -J -i anubis.dat -o anu/00000353.bmp -5 "-0.998630,0.000000,-0.052336,0.000000,0.000000,1.000000,0.000000,0.000000,0.052336,0.000000,-0.998630,0.000000,0.000000,0.000000,0.000000,1.000000"
./rays.fast -u -b 1000000 -r 6 -x 640 -y 480 -q 95 -J -i anubis.dat -o anu/00000354.bmp -5 "-0.999048,0.000000,-0.043619,0.000000,0.000000,1.000000,0.000000,0.000000,0.043619,0.000000,-0.999048,0.000000,0.000000,0.000000,0.000000,1.000000"
./rays.fast -u -b 1000000 -r 6 -x 640 -y 480 -q 95 -J -i anubis.dat -o anu/00000355.bmp -5 "-0.999391,0.000000,-0.034900,0.000000,0.000000,1.000000,0.000000,0.000000,0.034900,0.000000,-0.999391,0.000000,0.000000,0.000000,0.000000,1.000000"
./rays.fast -u -b 1000000 -r 6 -x 640 -y 480 -q 95 -J -i anubis.dat -o anu/00000356.bmp -5 "-0.999657,0.000000,-0.026177,0.000000,0.000000,1.000000,0.000000,0.000000,0.026177,0.000000,-0.999657,0.000000,0.000000,0.000000,0.000000,1.000000"
./rays.fast -u -b 1000000 -r 6 -x 640 -y 480 -q 95 -J -i anubis.dat -o anu/00000357.bmp -5 "-0.999848,0.000000,-0.017452,0.000000,0.000000,1.000000,0.000000,0.000000,0.017452,0.000000,-0.999848,0.000000,0.000000,0.000000,0.000000,1.000000"
./rays.fast -u -b 1000000 -r 6 -x 640 -y 480 -q 95 -J -i anubis.dat -o anu/00000358.bmp -5 "-0.999962,0.000000,-0.008727,0.000000,0.000000,1.000000,0.000000,0.000000,0.008727,0.000000,-0.999962,0.000000,0.000000,0.000000,0.000000,1.000000"
./rays.fast -u -b 1000000 -r 6 -x 640 -y 480 -q 95 -J -i anubis.dat -o anu/00000359.bmp -5 "-1.000000,0.000000,-0.000000,0.000000,0.000000,1.000000,0.000000,0.000000,0.000000,0.000000,-1.000000,0.000000,0.000000,0.000000,0.000000,1.000000"
./rays.fast -u -b 1000000 -r 6 -x 640 -y 480 -q 95 -J -i anubis.dat -o anu/00000360.bmp -5 "-0.999962,0.000000,0.008727,0.000000,0.000000,1.000000,0.000000,0.000000,-0.008727,0.000000,-0.999962,0.000000,0.000000,0.000000,0.000000,1.000000"
./rays.fast -u -b 1000000 -r 6 -x 640 -y 480 -q 95 -J -i anubis.dat -o anu/00000361.bmp -5 "-0.999848,0.000000,0.017452,0.000000,0.000000,1.000000,0.000000,0.000000,-0.017452,0.000000,-0.999848,0.000000,0.000000,0.000000,0.000000,1.000000"
./rays.fast -u -b 1000000 -r 6 -x 640 -y 480 -q 95 -J -i anubis.dat -o anu/00000362.bmp -5 "-0.999657,0.000000,0.026177,0.000000,0.000000,1.000000,0.000000,0.000000,-0.026177,0.000000,-0.999657,0.000000,0.000000,0.000000,0.000000,1.000000"
./rays.fast -u -b 1000000 -r 6 -x 640 -y 480 -q 95 -J -i anubis.dat -o anu/00000363.bmp -5 "-0.999391,0.000000,0.034899,0.000000,0.000000,1.000000,0.000000,0.000000,-0.034899,0.000000,-0.999391,0.000000,0.000000,0.000000,0.000000,1.000000"
./rays.fast -u -b 1000000 -r 6 -x 640 -y 480 -q 95 -J -i anubis.dat -o anu/00000364.bmp -5 "-0.999048,0.000000,0.043619,0.000000,0.000000,1.000000,0.000000,0.000000,-0.043619,0.000000,-0.999048,0.000000,0.000000,0.000000,0.000000,1.000000"
./rays.fast -u -b 1000000 -r 6 -x 640 -y 480 -q 95 -J -i anubis.dat -o anu/00000365.bmp -5 "-0.998630,0.000000,0.052336,0.000000,0.000000,1.000000,0.000000,0.000000,-0.052336,0.000000,-0.998630,0.000000,0.000000,0.000000,0.000000,1.000000"
./rays.fast -u -b 1000000 -r 6 -x 640 -y 480 -q 95 -J -i anubis.dat -o anu/00000366.bmp -5 "-0.998135,0.000000,0.061049,0.000000,0.000000,1.000000,0.000000,0.000000,-0.061049,0.000000,-0.998135,0.000000,0.000000,0.000000,0.000000,1.000000"
./rays.fast -u -b 1000000 -r 6 -x 640 -y 480 -q 95 -J -i anubis.dat -o anu/00000367.bmp -5 "-0.997564,0.000000,0.069756,0.000000,0.000000,1.000000,0.000000,0.000000,-0.069756,0.000000,-0.997564,0.000000,0.000000,0.000000,0.000000,1.000000"
./rays.fast -u -b 1000000 -r 6 -x 640 -y 480 -q 95 -J -i anubis.dat -o anu/00000368.bmp -5 "-0.996917,0.000000,0.078459,0.000000,0.000000,1.000000,0.000000,0.000000,-0.078459,0.000000,-0.996917,0.000000,0.000000,0.000000,0.000000,1.000000"
./rays.fast -u -b 1000000 -r 6 -x 640 -y 480 -q 95 -J -i anubis.dat -o anu/00000369.bmp -5 "-0.996195,0.000000,0.087156,0.000000,0.000000,1.000000,0.000000,0.000000,-0.087156,0.000000,-0.996195,0.000000,0.000000,0.000000,0.000000,1.000000"
./rays.fast -u -b 1000000 -r 6 -x 640 -y 480 -q 95 -J -i anubis.dat -o anu/00000370.bmp -5 "-0.995396,0.000000,0.095846,0.000000,0.000000,1.000000,0.000000,0.000000,-0.095846,0.000000,-0.995396,0.000000,0.000000,0.000000,0.000000,1.000000"
./rays.fast -u -b 1000000 -r 6 -x 640 -y 480 -q 95 -J -i anubis.dat -o anu/00000371.bmp -5 "-0.994522,0.000000,0.104528,0.000000,0.000000,1.000000,0.000000,0.000000,-0.104528,0.000000,-0.994522,0.000000,0.000000,0.000000,0.000000,1.000000"
./rays.fast -u -b 1000000 -r 6 -x 640 -y 480 -q 95 -J -i anubis.dat -o anu/00000372.bmp -5 "-0.993572,0.000000,0.113203,0.000000,0.000000,1.000000,0.000000,0.000000,-0.113203,0.000000,-0.993572,0.000000,0.000000,0.000000,0.000000,1.000000"
./rays.fast -u -b 1000000 -r 6 -x 640 -y 480 -q 95 -J -i anubis.dat -o anu/00000373.bmp -5 "-0.992546,0.000000,0.121869,0.000000,0.000000,1.000000,0.000000,0.000000,-0.121869,0.000000,-0.992546,0.000000,0.000000,0.000000,0.000000,1.000000"
./rays.fast -u -b 1000000 -r 6 -x 640 -y 480 -q 95 -J -i anubis.dat -o anu/00000374.bmp -5 "-0.991445,0.000000,0.130526,0.000000,0.000000,1.000000,0.000000,0.000000,-0.130526,0.000000,-0.991445,0.000000,0.000000,0.000000,0.000000,1.000000"
./rays.fast -u -b 1000000 -r 6 -x 640 -y 480 -q 95 -J -i anubis.dat -o anu/00000375.bmp -5 "-0.990268,0.000000,0.139173,0.000000,0.000000,1.000000,0.000000,0.000000,-0.139173,0.000000,-0.990268,0.000000,0.000000,0.000000,0.000000,1.000000"
./rays.fast -u -b 1000000 -r 6 -x 640 -y 480 -q 95 -J -i anubis.dat -o anu/00000376.bmp -5 "-0.989016,0.000000,0.147809,0.000000,0.000000,1.000000,0.000000,0.000000,-0.147809,0.000000,-0.989016,0.000000,0.000000,0.000000,0.000000,1.000000"
./rays.fast -u -b 1000000 -r 6 -x 640 -y 480 -q 95 -J -i anubis.dat -o anu/00000377.bmp -5 "-0.987688,0.000000,0.156434,0.000000,0.000000,1.000000,0.000000,0.000000,-0.156434,0.000000,-0.987688,0.000000,0.000000,0.000000,0.000000,1.000000"
./rays.fast -u -b 1000000 -r 6 -x 640 -y 480 -q 95 -J -i anubis.dat -o anu/00000378.bmp -5 "-0.986286,0.000000,0.165048,0.000000,0.000000,1.000000,0.000000,0.000000,-0.165048,0.000000,-0.986286,0.000000,0.000000,0.000000,0.000000,1.000000"
./rays.fast -u -b 1000000 -r 6 -x 640 -y 480 -q 95 -J -i anubis.dat -o anu/00000379.bmp -5 "-0.984808,0.000000,0.173648,0.000000,0.000000,1.000000,0.000000,0.000000,-0.173648,0.000000,-0.984808,0.000000,0.000000,0.000000,0.000000,1.000000"
./rays.fast -u -b 1000000 -r 6 -x 640 -y 480 -q 95 -J -i anubis.dat -o anu/00000380.bmp -5 "-0.983255,0.000000,0.182236,0.000000,0.000000,1.000000,0.000000,0.000000,-0.182236,0.000000,-0.983255,0.000000,0.000000,0.000000,0.000000,1.000000"
./rays.fast -u -b 1000000 -r 6 -x 640 -y 480 -q 95 -J -i anubis.dat -o anu/00000381.bmp -5 "-0.981627,0.000000,0.190809,0.000000,0.000000,1.000000,0.000000,0.000000,-0.190809,0.000000,-0.981627,0.000000,0.000000,0.000000,0.000000,1.000000"
./rays.fast -u -b 1000000 -r 6 -x 640 -y 480 -q 95 -J -i anubis.dat -o anu/00000382.bmp -5 "-0.979925,0.000000,0.199368,0.000000,0.000000,1.000000,0.000000,0.000000,-0.199368,0.000000,-0.979925,0.000000,0.000000,0.000000,0.000000,1.000000"
./rays.fast -u -b 1000000 -r 6 -x 640 -y 480 -q 95 -J -i anubis.dat -o anu/00000383.bmp -5 "-0.978148,0.000000,0.207912,0.000000,0.000000,1.000000,0.000000,0.000000,-0.207912,0.000000,-0.978148,0.000000,0.000000,0.000000,0.000000,1.000000"
./rays.fast -u -b 1000000 -r 6 -x 640 -y 480 -q 95 -J -i anubis.dat -o anu/00000384.bmp -5 "-0.976296,0.000000,0.216440,0.000000,0.000000,1.000000,0.000000,0.000000,-0.216440,0.000000,-0.976296,0.000000,0.000000,0.000000,0.000000,1.000000"
./rays.fast -u -b 1000000 -r 6 -x 640 -y 480 -q 95 -J -i anubis.dat -o anu/00000385.bmp -5 "-0.974370,0.000000,0.224951,0.000000,0.000000,1.000000,0.000000,0.000000,-0.224951,0.000000,-0.974370,0.000000,0.000000,0.000000,0.000000,1.000000"
./rays.fast -u -b 1000000 -r 6 -x 640 -y 480 -q 95 -J -i anubis.dat -o anu/00000386.bmp -5 "-0.972370,0.000000,0.233445,0.000000,0.000000,1.000000,0.000000,0.000000,-0.233445,0.000000,-0.972370,0.000000,0.000000,0.000000,0.000000,1.000000"
./rays.fast -u -b 1000000 -r 6 -x 640 -y 480 -q 95 -J -i anubis.dat -o anu/00000387.bmp -5 "-0.970296,0.000000,0.241922,0.000000,0.000000,1.000000,0.000000,0.000000,-0.241922,0.000000,-0.970296,0.000000,0.000000,0.000000,0.000000,1.000000"
./rays.fast -u -b 1000000 -r 6 -x 640 -y 480 -q 95 -J -i anubis.dat -o anu/00000388.bmp -5 "-0.968148,0.000000,0.250380,0.000000,0.000000,1.000000,0.000000,0.000000,-0.250380,0.000000,-0.968148,0.000000,0.000000,0.000000,0.000000,1.000000"
./rays.fast -u -b 1000000 -r 6 -x 640 -y 480 -q 95 -J -i anubis.dat -o anu/00000389.bmp -5 "-0.965926,0.000000,0.258819,0.000000,0.000000,1.000000,0.000000,0.000000,-0.258819,0.000000,-0.965926,0.000000,0.000000,0.000000,0.000000,1.000000"
./rays.fast -u -b 1000000 -r 6 -x 640 -y 480 -q 95 -J -i anubis.dat -o anu/00000390.bmp -5 "-0.963630,0.000000,0.267238,0.000000,0.000000,1.000000,0.000000,0.000000,-0.267238,0.000000,-0.963630,0.000000,0.000000,0.000000,0.000000,1.000000"
./rays.fast -u -b 1000000 -r 6 -x 640 -y 480 -q 95 -J -i anubis.dat -o anu/00000391.bmp -5 "-0.961262,0.000000,0.275637,0.000000,0.000000,1.000000,0.000000,0.000000,-0.275637,0.000000,-0.961262,0.000000,0.000000,0.000000,0.000000,1.000000"
./rays.fast -u -b 1000000 -r 6 -x 640 -y 480 -q 95 -J -i anubis.dat -o anu/00000392.bmp -5 "-0.958820,0.000000,0.284015,0.000000,0.000000,1.000000,0.000000,0.000000,-0.284015,0.000000,-0.958820,0.000000,0.000000,0.000000,0.000000,1.000000"
./rays.fast -u -b 1000000 -r 6 -x 640 -y 480 -q 95 -J -i anubis.dat -o anu/00000393.bmp -5 "-0.956305,0.000000,0.292372,0.000000,0.000000,1.000000,0.000000,0.000000,-0.292372,0.000000,-0.956305,0.000000,0.000000,0.000000,0.000000,1.000000"
./rays.fast -u -b 1000000 -r 6 -x 640 -y 480 -q 95 -J -i anubis.dat -o anu/00000394.bmp -5 "-0.953717,0.000000,0.300706,0.000000,0.000000,1.000000,0.000000,0.000000,-0.300706,0.000000,-0.953717,0.000000,0.000000,0.000000,0.000000,1.000000"
./rays.fast -u -b 1000000 -r 6 -x 640 -y 480 -q 95 -J -i anubis.dat -o anu/00000395.bmp -5 "-0.951057,0.000000,0.309017,0.000000,0.000000,1.000000,0.000000,0.000000,-0.309017,0.000000,-0.951057,0.000000,0.000000,0.000000,0.000000,1.000000"
